DEFAULT_LATITUDE = 37.550911
DEFAULT_LONGITUDE = 126.945670

KAKAO_API = 